12 0.1028907398
12 0.2813351039
12 0.3184713376
12 0.3382370661
12 0.4152168678
12 0.4258112592
12 0.4747398821
12 0.5197900048
12 0.6687062206
12 0.6757069139
12 0.6798238733
12 0.6824385805
12 0.6898296121
12 0.7625370055
12 0.8319522925
12 0.91121985
12 0.9312027415
12 1.0070239923
12 1.0158575361
12 1.0261854211
12 1.0424593701
12 1.070491891
12 1.0919017288
12 1.1342814763
12 1.1362041425
12 1.1708505058
12 1.1961364792
12 1.2132241432
12 1.2156505914
12 1.2208649305
12 1.2248897599
12 1.2550594584
12 1.3054079864
12 1.3339113616
12 1.3456535391
12 1.3551971812
12 1.3673188018
12 1.3965454899
12 1.4329641367
12 1.4519969798
12 1.4928343949
12 1.5329546935
12 1.5589506035
12 1.5923566879
12 1.5923566879
12 1.6193457843
12 1.6331863466
12 1.6634305382
12 1.6939964765
12 1.707621113
12 1.7249894352
12 1.7292561317
12 1.7402805332
12 1.7416401274
12 1.7860773894
12 1.8219184072
12 1.9035068453
12 1.9200974615
12 1.9337918031
12 1.9598236159
12 1.9610304038
12 1.9780828421
12 1.9819297555
12 1.9904458599
12 1.9935607986
12 10.044096031
12 10.044974089
12 10.068145448
12 10.100770035
12 10.105340519
12 10.110201193
12 10.148102603
12 10.166585007
12 10.198499893
12 10.207414666
12 10.294023033
12 10.411562959
12 10.411562959
12 10.494250026
12 10.499055085
12 10.564674179
12 10.615711253
12 10.717785399
12 10.717785399
12 10.717785399
12 10.748407643
12 10.770968456
12 10.924692453
12 10.96849924
12 11.005994755
12 11.008885743
12 11.022862012
12 11.024007839
12 11.082335923
12 11.15418936
12 11.163177425
12 11.198992091
12 11.207202495
12 11.222323324
12 11.45580351
12 11.548960594
12 11.636452719
12 11.636452719
12 11.636452719
12 11.758941695
12 11.769592911
12 11.785314427
12 11.889596603
12 11.903909922
12 11.942675159
12 12.065433935
12 12.169229973
12 12.248897599
12 12.248897599
12 12.283894449
12 12.312036247
12 12.356393698
12 12.384996461
12 12.489072062
12 12.535891451
12 12.786804018
12 12.853238294
12 12.926880861
12 13.087863188
12 13.159972627
12 13.167564919
12 13.167564919
12 13.178124314
12 13.473787359
12 13.480268257
12 13.525809704
12 13.771733517
12 13.859400802
12 14.392454679
12 15.311121999
12 15.311121999
12 15.311121999
12 15.923566879
12 15.923566879
12 16.229789319
12 16.472655392
12 16.780989711
12 16.854050941
12 17.233469821
12 17.692852088
12 18.939639628
12 2.0080159999
12 2.0414829332
12 2.1021210401
12 2.113079965
12 2.1149175711
12 2.1373915274
12 2.1435570799
12 2.1435570799
12 2.1435570799
12 2.148204638
12 2.1638797429
12 2.1755157785
12 2.1963540523
12 2.2037420765
12 2.211606511
12 2.2292993631
12 2.2419664736
12 2.2456312265
12 2.2480329712
12 2.2747952684
12 2.2781854253
12 2.2798842959
12 2.2845863528
12 2.2966682999
12 2.2966682999
12 2.3161551824
12 2.3189660503
12 2.3331233522
12 2.3382623905
12 2.3437284584
12 2.359046945
12 2.365304364
12 2.370754374
12 2.3810941127
12 2.3810941127
12 2.3873413612
12 2.3945213352
12 2.4035572648
12 2.4115017148
12 2.441729861
12 2.4497795198
12 2.4497795198
12 2.4560771536
12 2.4566932908
12 2.465584549
12 2.5022747953
12 2.5077992981
12 2.5150747292
12 2.526731791
12 2.5294578834
12 2.5332947307
12 2.5376202198
12 2.5477707006
12 2.562413061
12 2.564181462
12 2.5683172385
12 2.5697342412
12 2.5735057582
12 2.578715284
12 2.5802075961
12 2.5875796178
12 2.6154650912
12 2.6265677326
12 2.6329406054
12 2.6539278132
12 2.6580810648
12 2.6650321136
12 2.6670013492
12 2.6710499281
12 2.6807351648
12 2.6832904188
12 2.6951029979
12 2.7014275422
12 2.7186577598
12 2.7322228697
12 2.7408197434
12 2.7522214359
12 2.7560019598
12 2.7560019598
12 2.7560019598
12 2.7560019598
12 2.769315979
12 2.7746776749
12 2.7773663161
12 2.7890079713
12 2.7997480227
12 2.8070390332
12 2.8100412139
12 2.8172464478
12 2.8204103697
12 2.8221056189
12 2.8266686767
12 2.8351910828
12 2.8576690311
12 2.8626637086
12 2.8662420382
12 2.87054786
12 2.8708353748
12 2.8784909358
12 2.9034423939
12 2.9091131798
12 2.9091131798
12 2.9117379436
12 2.915582668
12 2.9200810322
12 2.9200810322
12 2.9217553906
12 2.9292202741
12 2.9488086813
12 2.9488086813
12 2.9675738274
12 2.9856687898
12 2.9856687898
12 2.9856687898
12 2.9941749687
12 20.614742184
12 27.454425653
12 28.30856334
12 3.0013005636
12 3.0115492915
12 3.0350959689
12 3.0421142694
12 3.0504291651
12 3.0510340489
12 3.0622243998
12 3.0622243998
12 3.0622243998
12 3.0622243998
12 3.0622243998
12 3.0622243998
12 3.0622243998
12 3.0622243998
12 3.0622243998
12 3.0622243998
12 3.0622243998
12 3.0622243998
12 3.0622243998
12 3.0696032538
12 3.0707474896
12 3.0896473049
12 3.1070374398
12 3.1070374398
12 3.1100716561
12 3.1120977614
12 3.1154804763
12 3.1222680155
12 3.1222680155
12 3.1429922399
12 3.1531815602
12 3.15466891
12 3.1743397166
12 3.1756401183
12 3.1790365249
12 3.1800022613
12 3.1847133758
12 3.1847133758
12 3.2143846184
12 3.2153356198
12 3.2153356198
12 3.2235513438
12 3.2344745223
12 3.2364973331
12 3.2497075263
12 3.2527248964
12 3.2587764776
12 3.2587764776
12 3.2663726931
12 3.2678961879
12 3.2801680001
12 3.2812198417
12 3.2832096658
12 3.2899931568
12 3.3011713656
12 3.3075658206
12 3.3113227761
12 3.3121019108
12 3.3188502396
12 3.3328395793
12 3.334778404
12 3.3458078267
12 3.3463256964
12 3.3523298693
12 3.3523298693
12 3.3544069014
12 3.3641338477
12 3.3665046256
12 3.3684468398
12 3.3684468398
12 3.3684468398
12 3.3684468398
12 3.3684468398
12 3.3684468398
12 3.3684468398
12 3.3760212464
12 3.3777263077
12 3.3790062343
12 3.3843925354
12 3.3868201862
12 3.387992953
12 3.4066626062
12 3.4198264438
12 3.434494817
12 3.4507052379
12 3.4616449737
12 3.4702176457
12 3.4909358158
12 3.4996850283
12 3.5031847134
12 3.5092098468
12 3.5102051236
12 3.5262163064
12 3.5336625529
12 3.5385704176
12 3.5385704176
12 3.5454214735
12 3.5484271597
12 3.5498397501
12 3.5739561217
12 3.5783296357
12 3.5783296357
12 3.5840825773
12 3.5850431998
12 3.6087403692
12 3.6121512769
12 3.6428749569
12 3.6557416234
12 3.6746692798
12 3.6746692798
12 3.6746692798
12 3.6746692798
12 3.6746692798
12 3.6746692798
12 3.6746692798
12 3.6746692798
12 3.6746692798
12 3.6746692798
12 3.6746692798
12 3.6860108516
12 3.6941119744
12 3.7031550881
12 3.7031550881
12 3.7103456805
12 3.7111463594
12 3.7273753796
12 3.7284449278
12 3.7467216186
12 3.7659204286
12 3.7665360118
12 3.768891569
12 3.7705169035
12 3.7784734967
12 3.7913254474
12 3.7945521073
12 3.821656051
12 3.821656051
12 3.8277804998
12 3.8277804998
12 3.8277804998
12 3.8277804998
12 3.8277804998
12 3.8346814635
12 3.843502877
12 3.8496535312
12 3.8512812917
12 3.8770423705
12 3.8781215
12 3.8837967998
12 3.8947576562
12 3.8964682412
12 3.8996490316
12 3.9028350194
12 3.9057805552
12 3.9129584139
12 3.9156311997
12 3.9196472317
12 3.9196472317
12 3.9196472317
12 3.928280816
12 3.9317449084
12 3.9347810048
12 3.9374638101
12 3.9439174932
12 3.9439174932
12 3.9502694757
12 3.9512572901
12 3.9676661659
12 3.9705517413
12 3.976910828
12 3.9808917197
12 3.9808917197
12 3.9808917197
12 3.9808917197
12 3.9808917197
12 3.9808917197
12 3.9808917197
12 3.9808917197
12 3.9808917197
12 3.9808917197
12 3.9808917197
12 3.9808917197
12 3.9808917197
12 3.9851788339
12 3.9925281725
12 32.497400234
12 4.0041299741
12 4.0059287746
12 4.0087301234
12 4.0143445913
12 4.0146689828
12 4.0167556091
12 4.0227958431
12 4.0256208402
12 4.0312827542
12 4.0589484201
12 4.0621344079
12 4.069921247
12 4.0727584517
12 4.0783344424
12 4.0829658664
12 4.0829658664
12 4.0829658664
12 4.0867082732
12 4.0873326748
12 4.0882629884
12 4.0904575469
12 4.0943318394
12 4.0996895417
12 4.1033806957
12 4.1040120822
12 4.1082473888
12 4.1093075817
12 4.1159462046
12 4.1226063117
12 4.1315200551
12 4.1340029397
12 4.1340029397
12 4.1449631789
12 4.1449631789
12 4.1513954619
12 4.1539739684
12 4.1571268721
12 4.1588421783
12 4.1618413434
12 4.1646251837
12 4.1690793283
12 4.1704579921
12 4.1739362723
12 4.2019792599
12 4.2091449865
12 4.2099461049
12 4.2194335602
12 4.2314373525
12 4.2389124794
12 4.2441080354
12 4.2462845011
12 4.2690527826
12 4.281637471
12 4.2819675641
12 4.2862898732
12 4.2871141597
12 4.2871141597
12 4.2871141597
12 4.2871141597
12 4.2871141597
12 4.2871141597
12 4.2871141597
12 4.2871141597
12 4.303666724
12 4.303666724
12 4.3051584629
12 4.3126326964
12 4.3162052915
12 4.3203476028
12 4.3329433684
12 4.3695275868
12 4.3711752217
12 4.382633086
12 4.385411563
12 4.3866575424
12 4.3871051605
12 4.3940855608
12 4.3967510941
12 4.4053672057
12 4.4096031357
12 4.4096031357
12 4.4096031357
12 4.4096031357
12 4.4113344287
12 4.4293649177
12 4.4402253797
12 4.4479237092
12 4.4541445815
12 4.4541445815
12 4.4585987261
12 4.4708476237
12 4.4795968363
12 4.491262453
12 4.491262453
12 4.4960659423
12 4.5062611032
12 4.5066698714
12 4.5116772824
12 4.5150366847
12 4.5267665041
12 4.5333998232
12 4.5495905369
12 4.5495905369
12 4.5495905369
12 4.5495905369
12 4.5495905369
12 4.5495905369
12 4.556988245
12 4.5593459089
12 4.590577839
12 4.5924179324
12 4.593064402
12 4.5933365997
12 4.5933365997
12 4.5933365997
12 4.5933365997
12 4.5933365997
12 4.5933365997
12 4.5933365997
12 4.5933365997
12 4.5933365997
12 4.5933365997
12 4.5933365997
12 4.5933365997
12 4.5933365997
12 4.5933365997
12 4.5933365997
12 4.5933365997
12 4.5933365997
12 4.5987089232
12 4.6044048807
12 4.6083707763
12 4.649216607
12 4.6545810877
12 4.6584903103
12 4.6584903103
12 4.6605561597
12 4.6834020232
12 4.6834020232
12 4.6954107464
12 4.6976249361
12 4.7022613602
12 4.7035766781
12 4.7120759132
12 4.7120759132
12 4.7127232653
12 4.7230918709
12 4.7264965506
12 4.7278219187
12 4.7356332726
12 4.7426855931
12 4.7444519565
12 4.7464478197
12 4.7464478197
12 4.7491339815
12 4.7574718275
12 4.7634601775
12 4.7782646299
12 4.7784754977
12 4.8042520159
12 4.8124557679
12 4.8131688299
12 4.8253232967
12 4.8253232967
12 4.8348046337
12 4.838652919
12 4.8410409621
12 4.8621578256
12 4.8737038469
12 4.8745612895
12 4.8859415882
12 4.8932855966
12 4.8995590397
12 4.8995590397
12 4.8995590397
12 4.8995590397
12 4.8995590397
12 4.8995590397
12 4.8995590397
12 4.8995590397
12 4.8995590397
12 4.8995590397
12 4.8995590397
12 4.8995590397
12 4.8995590397
12 4.8995590397
12 4.8995590397
12 4.8995590397
12 4.9128972222
12 4.9146811355
12 4.9330412199
12 4.948500251
12 4.9488233445
12 4.9495545401
12 4.9608035277
12 4.9712599037
12 4.9761146497
12 4.9761146497
12 4.9806363752
12 4.9852787651
12 4.9865906805
12 4.9914982399
12 4.9927016985
12 5.0065363113
12 5.0246057901
12 5.0271718639
12 5.0480305257
12 5.0516143202
12 5.0526702597
12 5.0526702597
12 5.0593272692
12 5.083341382
12 5.09216538
12 5.092407612
12 5.103707333
12 5.1110293691
12 5.1113311567
12 5.116005423
12 5.1208114096
12 5.1295555665
12 5.1309918907
12 5.1328713749
12 5.1345640883
12 5.1366344771
12 5.1366344771
12 5.1408830832
12 5.1412413242
12 5.1518684968
12 5.1644000689
12 5.1681752151
12 5.1717567641
12 5.1751592357
12 5.1753277034
12 5.1886714008
12 5.1924674605
12 5.1935965033
12 5.2037800258
12 5.2057814797
12 5.2057814797
12 5.2057814797
12 5.2057814797
12 5.2057814797
12 5.2057814797
12 5.2057814797
12 5.2057814797
12 5.237084218
12 5.2406675804
12 5.245410266
12 5.2470206048
12 5.247725439
12 5.2531354652
12 5.2727042646
12 5.2764481966
12 5.2902215545
12 5.3109505859
12 5.3201708366
12 5.3323722805
12 5.3453669735
12 5.3588926997
12 5.3588926997
12 5.3588926997
12 5.3588926997
12 5.3674944536
12 5.3674944536
12 5.3725249076
12 5.3737099145
12 5.3744943977
12 5.3895149437
12 5.3973274524
12 5.397819281
12 5.4075133238
12 5.4082564263
12 5.4140127389
12 5.4140127389
12 5.4140127389
12 5.4284887087
12 5.4373155197
12 5.4630560832
12 5.4797699786
12 5.4830072467
12 5.4861556861
12 5.4987856848
12 5.5107716362
12 5.5120039196
12 5.5120039196
12 5.5120039196
12 5.5120039196
12 5.5120039196
12 5.5120039196
12 5.5120039196
12 5.5120039196
12 5.5120039196
12 5.5120039196
12 5.5120039196
12 5.5120039196
12 5.5120039196
12 5.5120039196
12 5.5120039196
12 5.516059846
12 5.5271885034
12 5.5363394778
12 5.5409263373
12 5.5455208036
12 5.5547326322
12 5.5676807269
12 5.5732484076
12 5.5732484076
12 5.5953968535
12 5.5996360328
12 5.601254681
12 5.6036012477
12 5.6051867939
12 5.6242178822
12 5.6344928956
12 5.639596603
12 5.6491589815
12 5.6533373535
12 5.6533373535
12 5.6617126681
12 5.6617126681
12 5.6651151396
12 5.6785379658
12 5.6927971477
12 5.6962353063
12 5.6969622734
12 5.7096454945
12 5.7109839017
12 5.7222235377
12 5.7253274172
12 5.7263596276
12 5.7324840764
12 5.7382222987
12 5.7511753965
12 5.7555061008
12 5.790387956
12 5.790387956
12 5.8087997887
12 5.8168280836
12 5.8175870643
12 5.8182263596
12 5.8182263596
12 5.8182263596
12 5.8182263596
12 5.8182263596
12 5.8182263596
12 5.8182263596
12 5.8182263596
12 5.8182263596
12 5.8182263596
12 5.8182263596
12 5.824426814
12 5.8301389031
12 5.8460647633
12 5.8494735474
12 5.8505117926
12 5.854252529
12 5.8578418929
12 5.8593211459
12 5.8644338378
12 5.869263433
12 5.8734467996
12 5.8794708476
12 5.8941695247
12 5.8976173626
12 5.9021715073
12 5.9470638496
12 5.955155093
12 5.9620219204
12 5.9710801547
12 5.9713375796
12 5.9713375796
12 5.9713375796
12 5.9713375796
12 5.9883499374
12 5.9916897868
12 6.0048467692
12 6.0251334137
12 6.0251334137
12 6.0268480219
12 6.0325820676
12 6.0387341663
12 6.0504053772
12 6.050955414
12 6.0661207158
12 6.0792793291
12 6.0868241995
12 6.1024447919
12 6.1030132288
12 6.1048818705
12 6.1069503745
12 6.1197413063
12 6.1244487996
12 6.1244487996
12 6.1244487996
12 6.1244487996
12 6.1244487996
12 6.1244487996
12 6.1244487996
12 6.1244487996
12 6.1244487996
12 6.1244487996
12 6.1244487996
12 6.1244487996
12 6.1309990122
12 6.1433514194
12 6.1703821656
12 6.1712956798
12 6.175344496
12 6.2309609526
12 6.2399189988
12 6.250372046
12 6.2556869882
12 6.2556869882
12 6.2605476618
12 6.2650099196
12 6.2704201181
12 6.2738255996
12 6.2953636498
12 6.3030785563
12 6.3088616795
12 6.3220116641
12 6.324781237
12 6.3455414013
12 6.361474908
12 6.3694267516
12 6.3694267516
12 6.3796341663
12 6.3805955861
12 6.4050101413
12 6.4207930964
12 6.4245873501
12 6.4278618594
12 6.4306712396
12 6.4306712396
12 6.4306712396
12 6.4306712396
12 6.4306712396
12 6.4306712396
12 6.4306712396
12 6.4306712396
12 6.4306712396
12 6.4306712396
12 6.4500524067
12 6.451247451
12 6.4861779548
12 6.4994150526
12 6.5010264779
12 6.5109695683
12 6.5260519996
12 6.5327453862
12 6.5486530455
12 6.5639130646
12 6.5664193315
12 6.5739496289
12 6.5837824596
12 6.5919034945
12 6.5981630714
12 6.6136220264
12 6.6144047036
12 6.6148150519
12 6.6160240102
12 6.6230764895
12 6.6400396899
12 6.6450269476
12 6.6494015539
12 6.6494015539
12 6.6546249644
12 6.6656791586
12 6.6668718012
12 6.6776248202
12 6.7177547771
12 6.7209860203
12 6.7254816632
12 6.7368936796
12 6.7368936796
12 6.7368936796
12 6.7368936796
12 6.7368936796
12 6.7368936796
12 6.7368936796
12 6.7368936796
12 6.7368936796
12 6.7368936796
12 6.7368936796
12 6.7572331774
12 6.7691276206
12 6.7759859059
12 6.7803575098
12 6.7924085572
12 6.8025477707
12 6.8043109748
12 6.808697562
12 6.8287604116
12 6.8488459695
12 6.8488459695
12 6.8593826556
12 6.8593826556
12 6.8648929375
12 6.873482106
12 6.8858667585
12 6.8900048996
12 6.9107704357
12 6.9107704357
12 6.915377616
12 6.9213620774
12 6.9715118674
12 7.0041806203
12 7.0063694268
12 7.0122129375
12 7.0147871714
12 7.0147871714
12 7.0219867712
12 7.0431161195
12 7.0431161195
12 7.0431161195
12 7.0431161195
12 7.0431161195
12 7.0431161195
12 7.0431161195
12 7.0431161195
12 7.0431161195
12 7.0431161195
12 7.0431161195
12 7.0640592439
12 7.0836998164
12 7.0914670311
12 7.1202941329
12 7.1237009722
12 7.1266313305
12 7.1299553189
12 7.1513024906
12 7.1560454928
12 7.1671631745
12 7.1812164356
12 7.1912882679
12 7.2132396973
12 7.2243025538
12 7.2255911352
12 7.232505774
12 7.237984945
12 7.259273136
12 7.279344859
12 7.2831283022
12 7.2956581318
12 7.2983014862
12 7.3493385595
12 7.3493385595
12 7.3493385595
12 7.3493385595
12 7.3493385595
12 7.3493385595
12 7.3493385595
12 7.3493385595
12 7.3493385595
12 7.3616490094
12 7.3737874569
12 7.3738363547
12 7.3807459893
12 7.3961922662
12 7.4271562443
12 7.4387465712
12 7.4535844965
12 7.4641719745
12 7.4641719745
12 7.4751218601
12 7.5024497795
12 7.5073888511
12 7.5081651296
12 7.5126571942
12 7.5161162878
12 7.5163689813
12 7.5191252589
12 7.5456271436
12 7.5564133484
12 7.5569469934
12 7.5636942675
12 7.5659710644
12 7.5661684472
12 7.5687886445
12 7.593266606
12 7.6072100879
12 7.621536284
12 7.6249387555
12 7.6402498775
12 7.6555609995
12 7.6555609995
12 7.6555609995
12 7.6555609995
12 7.6555609995
12 7.6555609995
12 7.6555609995
12 7.6555609995
12 7.6555609995
12 7.6555609995
12 7.6555609995
12 7.6555609995
12 7.6629607191
12 7.6644554272
12 7.6963906582
12 7.7168054875
12 7.7248869077
12 7.7257197796
12 7.7285931295
12 7.8086722195
12 7.8115611104
12 7.8143430054
12 7.8340542934
12 7.8392944635
12 7.8392944635
12 7.8473430204
12 7.891325179
12 7.8937340084
12 7.9123313684
12 7.9141080896
12 7.9268122092
12 7.944758956
12 7.9617834395
12 7.9617834395
12 7.9617834395
12 7.9617834395
12 7.9617834395
12 7.9617834395
12 7.9617834395
12 7.9617834395
12 7.9617834395
12 7.9617834395
12 8.0394370932
12 8.0440521547
12 8.0492755652
12 8.0713228206
12 8.0830288726
12 8.0842724155
12 8.0978823017
12 8.1065431384
12 8.1148946595
12 8.1242688158
12 8.1413725396
12 8.1570315347
12 8.1659317328
12 8.1659317328
12 8.2009786501
12 8.2046853071
12 8.2325924
12 8.2566643076
12 8.2680058795
12 8.2680058795
12 8.2680058795
12 8.2680058795
12 8.2680058795
12 8.2680058795
12 8.2680058795
12 8.2839365266
12 8.2935244161
12 8.3079479369
12 8.3204223332
12 8.3343014593
12 8.3369460099
12 8.3442271855
12 8.358071303
12 8.3598726115
12 8.3698117629
12 8.4211170995
12 8.4211170995
12 8.4628747049
12 8.4925690021
12 8.5304822566
12 8.5742283195
12 8.5742283195
12 8.5742283195
12 8.5742283195
12 8.5742283195
12 8.5742283195
12 8.5742283195
12 8.5742283195
12 8.605666168
12 8.6395404956
12 8.6763024661
12 8.685581934
12 8.7172811381
12 8.7273395394
12 8.8071085948
12 8.8192062714
12 8.8532572609
12 8.8804507594
12 8.8804507594
12 8.8804507594
12 8.9082891631
12 8.9171974522
12 8.9214233896
12 8.9303302909
12 8.9530094902
12 8.9825249061
12 9.0346478746
12 9.0474811812
12 9.0641842234
12 9.1101856388
12 9.164642808
12 9.1866731994
12 9.1866731994
12 9.1866731994
12 9.1866731994
12 9.1866731994
12 9.1866731994
12 9.1866731994
12 9.1866731994
12 9.2310532632
12 9.2547226305
12 9.3120274146
12 9.3302149682
12 9.3927030438
12 9.4222289225
12 9.4773409849
12 9.5066070919
12 9.5066070919
12 9.5137068732
12 9.5466817822
12 9.5678084251
12 9.5694512494
12 9.5925101681
12 9.5983722576
12 9.6096961834
12 9.6379483741
12 9.6832501291
12 9.6926059263
12 9.7292669322
12 9.749122579
12 9.7494603864
12 9.7644513881
12 9.7991180794
12 9.7991180794
12 9.7991180794
12 9.7991180794
12 9.8207020399
12 9.8896829415
12 9.9029956562
12 9.9522292994
12 9.9604204346
12 9.9700329296
