yearsSchool wage
13 6.3152956461
12 5.4797699786
11 3.6421699174
14 4.5933365997
14 2.4181574607
14 2.0940581101
12 5.5120039196
12 3.5484271597
10 5.8182263596
12 3.8277804998
14 6.7368936796
13 12.861342479
13 7.6555609995
10 2.4497795198
13 6.1056621468
15 8.2680058795
14 1.8624054829
11 3.9808917197
12 4.7634601775
12 6.3805955861
14 5.6311238472
11 2.4880573248
14 1.2237382772
12 1.3456535391
14 0.7511116452
14 11.330230279
12 3.8947576562
13 2.9985152513
12 3.2678961879
12 1.3551971812
14 4.2871141597
12 7.6249387555
13 4.4437861058
12 1.1342814763
15 9.0641842234
12 3.9808917197
12 3.4507052379
14 8.0967289215
13 8.7352138308
15 7.2758451739
12 5.5120039196
15 9.786358811
14 7.0431161195
11 0.7852717913
12 4.0087301234
12 3.6121512769
7 3.1847133758
15 5.8182263596
12 2.2747952684
16 5.4478926684
12 2.4035572648
14 9.0335619794
13 4.9740959419
14 9.3276123977
12 5.8734467996
12 3.2832096658
14 2.1435570799
13 2.5605735685
14 9.1866731994
12 2.8351910828
12 5.8976173626
12 2.5332947307
14 8.2680058795
15 14.102051849
11 0.7293236738
11 4.5933365997
12 3.3777263077
13 3.1847133758
9 5.0074109682
12 2.3189660503
12 3.387992953
11 2.4497795198
13 5.8182263596
13 5.3588926997
11 7.1432823382
12 5.5996360328
12 3.8277804998
12 8.0713228206
12 3.9439174932
12 6.3455414013
13 5.4836124351
13 6.9801937004
13 10.047012436
12 5.5120039196
15 6.2556869882
12 3.2344745223
10 1.9183214687
14 11.091041607
14 5.1844171234
14 5.1366344771
13 4.241819428
12 3.9028350194
12 6.7803575098
12 1.0261854211
12 4.593064402
8 0.4386814489
13 7.3493385595
12 4.5933365997
13 4.7245747883
13 4.8172135096
12 8.5304822566
14 6.195187114
13 4.7046902142
12 5.083341382
12 5.790387956
16 5.103707333
14 6.9908342396
12 4.3162052915
13 7.7100274414
12 5.7109839017
12 1.9819297555
12 5.8175870643
13 3.6746692798
13 2.7560019598
14 4.9481497078
12 3.9808917197
13 4.1571449409
12 4.7444519565
12 6.6136220264
13 2.7375759677
13 5.2495275425
12 3.9851788339
12 7.9617834395
13 6.1182562326
12 3.1429922399
13 6.1244487996
12 4.8621578256
10 1.8094962362
12 2.3810941127
12 3.6746692798
13 6.984020561
13 12.248897599
12 7.3493385595
12 1.9780828421
12 3.2153356198
12 4.7278219187
13 8.7296711824
12 6.6546249644
13 4.6267022409
11 3.0622243998
13 5.9061957151
12 4.4795968363
12 3.3684468398
12 2.8070390332
14 7.7241182622
13 3.694563081
14 6.498828198
13 2.3891985138
12 4.5933365997
11 4.0829658664
12 2.4560771536
13 7.6555609995
14 3.1649325474
13 4.9425376278
12 3.6746692798
10 2.0220402386
12 9.7991180794
13 7.5826508948
13 2.9903411979
12 4.2871141597
11 4.5933365997
12 1.2132241432
12 6.1244487996
14 7.1463085564
11 3.3616418967
12 2.1435570799
12 1.9598236159
13 4.32211101
12 0.1028907398
9 2.5477707006
12 7.9617834395
12 6.5739496289
11 4.2871141597
11 3.2938447178
12 6.9107704357
12 4.4479237092
11 0.7799298063
12 4.7230918709
12 3.9317449084
10 1.3504084986
13 3.5385704176
12 2.87054786
11 2.4811139091
12 4.1340029397
12 1.5329546935
12 2.4497795198
11 4.4613441687
13 4.0429136911
11 3.3684468398
14 5.1087252083
11 7.2599848992
12 8.2680058795
12 3.2153356198
12 4.9146811355
12 5.639596603
12 4.303666724
12 4.5933365997
12 2.7186577598
12 4.4053672057
11 2.3828757021
12 7.9617834395
11 4.7890426704
12 9.6096961834
12 0.9312027415
11 2.8201186031
13 3.5107076584
12 3.9808917197
12 5.5120039196
12 2.9488086813
12 4.5933365997
10 4.4785031847
12 3.0421142694
12 3.5783296357
12 5.2037800258
12 2.6154650912
12 2.7997480227
12 6.5486530455
11 4.4855117969
11 2.6211632723
12 7.8340542934
13 6.2784349409
12 4.5933365997
13 6.4306712396
12 5.247725439
12 12.535891451
12 2.2798842959
14 7.6555609995
12 4.8995590397
11 9.8369525121
12 7.3493385595
11 4.4605327626
8 1.7646227374
11 6.5870870183
10 3.7913254474
11 5.8182263596
11 9.5601151994
10 3.1376486461
11 4.7938485336
10 0.5188942364
10 2.9433580183
11 3.3924120742
11 6.1372080679
12 4.385411563
11 3.6746692798
12 2.8172464478
11 3.9196472317
11 2.9236712958
10 6.0884226302
10 1.7095431108
11 9.1866731994
11 2.5297811458
12 4.8131688299
11 4.0185657739
10 3.1867050665
11 1.5696087352
11 3.0622243998
11 4.8995590397
11 5.1574305681
10 1.7085372188
11 5.7562599327
11 5.7413645272
11 9.9079971691
10 2.3700192564
11 4.7770700637
11 3.3684468398
12 7.9617834395
11 3.0009799118
11 4.8344795078
10 5.0526702597
12 6.4306712396
11 0.7655561
11 5.2002694757
10 3.4805610664
11 0.9295483203
10 1.8761644785
12 4.2871141597
13 3.7555582262
11 3.6746692798
11 15.923566879
12 5.4082564263
12 5.1366344771
11 1.7122114924
10 4.4607615196
10 2.9013278635
10 6.0445247428
10 8.2680058795
11 6.2856185049
12 5.6651151396
10 5.6651151396
12 3.1847133758
11 5.861435661
11 6.5118739952
11 1.7777506882
10 6.8243858053
11 4.2462845011
11 5.3895149437
8 2.9785089126
10 1.6331863466
10 2.7560019598
11 3.9709093713
10 6.2605476618
10 3.2570932252
10 3.1551339946
10 6.1244487996
10 3.6938917385
10 3.1154804763
10 0.9186673199
12 12.248897599
10 1.7284740167
11 5.5872164488
10 4.4437861058
9 3.2729404666
9 3.6746692798
14 5.1445369917
15 5.2086433716
12 6.451247451
12 4.5933365997
12 3.8964682412
14 5.0179307392
14 5.7569818716
11 0.4246284501
15 5.0906418422
14 5.8674350834
12 4.6083707763
11 4.2871141597
10 4.4729120447
12 7.1237009722
15 8.5495661095
15 10.411562959
14 3.0330603579
14 5.9713375796
11 5.4439544885
14 2.2568834947
13 5.6617126681
10 2.5477707006
12 5.9021715073
12 2.8784909358
12 3.7103456805
13 7.6471356697
13 4.4897275035
12 4.2194335602
14 6.1244487996
14 3.9808917197
11 5.1196337956
12 3.3868201862
13 1.6543965589
13 8.9327326394
12 5.1366344771
13 3.9808917197
9 5.7526182403
14 8.1731582211
12 7.593266606
14 10.419403648
12 4.491262453
12 4.0143445913
12 3.0896473049
14 3.7733570803
14 5.9713375796
12 3.821656051
13 5.8182263596
12 4.0059287746
12 5.5120039196
12 6.7368936796
16 9.4361877801
13 7.0431161195
13 7.3065743285
12 6.6494015539
10 9.1993096137
12 7.6555609995
12 7.6072100879
14 7.2741748697
14 3.3684468398
12 2.8708353748
12 5.6962353063
12 6.2704201181
6 4.303666724
14 11.452719255
14 1.2489072062
13 5.0726044074
12 7.0147871714
12 6.4306712396
12 6.7368936796
12 3.6746692798
10 0.4496065942
13 7.4832849318
9 3.2148526191
13 3.2920013231
12 5.0593272692
12 3.0622243998
9 3.0330603579
12 3.6428749569
12 3.4616449737
12 4.5933365997
13 6.8593826556
12 5.1924674605
13 9.0723661982
15 7.9617834395
9 2.4497795198
14 14.698677119
13 0.428711416
11 7.9617834395
13 7.3493385595
13 5.0551005965
13 5.1848808873
9 3.6316906917
12 4.9852787651
11 0.07655561
12 0.4747398821
13 7.0929028414
12 2.7322228697
12 4.0227958431
13 4.9358765258
10 3.6746692798
14 3.3093661681
12 5.3737099145
12 4.7574718275
10 2.6628038259
10 5.294280548
12 3.2663726931
10 4.8407643312
11 1.1857975335
12 4.1571268721
12 6.7368936796
11 2.8466711739
10 2.7560019598
12 3.9808917197
11 6.0306274563
12 5.3744943977
8 2.1435570799
9 4.5933365997
12 3.3684468398
12 5.7511753965
8 6.1480953201
12 2.7746776749
11 4.7651571708
11 2.4497795198
12 7.0122129375
12 8.1659317328
9 3.5433038299
12 2.370754374
11 7.7307026536
12 3.3684468398
12 6.1244487996
12 4.5933365997
9 3.7467216186
12 5.9713375796
11 1.887237556
11 1.8387490622
9 2.6028907398
10 3.0622243998
11 5.8021093891
11 7.3493385595
8 1.4812620353
9 4.8285041294
11 6.4994150526
11 3.6746692798
11 5.7291140094
10 6.8243858053
11 3.2459578638
11 4.7691215278
11 3.4634552551
9 5.5120039196
11 5.8903453313
10 3.256353145
10 3.8602586373
10 4.8459421872
12 8.0978823017
11 4.1030049627
10 3.3684468398
11 4.2871141597
12 5.2764481966
11 4.7770700637
9 4.8745612895
11 3.7359137678
10 5.8182263596
10 4.0194110759
11 5.6816482761
11 7.6555609995
11 7.3493385595
12 4.6834020232
7 5.790387956
9 2.0489723207
11 2.3221868365
11 9.9263793531
11 4.9761146497
10 3.7969757088
11 4.8144292014
11 2.2707006369
10 5.5732484076
10 7.3720217032
11 6.4729946663
9 1.5824662737
9 3.2449772388
5 0.6031654121
8 1.9798395764
10 7.3493385595
10 4.9628450106
10 3.2218890183
11 5.1075591876
10 4.6855553115
6 2.211606511
9 2.2747952684
11 2.6444832302
10 7.4138064416
10 7.2633813834
10 7.5886736516
10 7.4694770008
7 2.6589637293
9 5.7259401448
8 2.7560019598
9 4.3366309798
15 8.9825249061
15 7.7025625833
13 3.6396724295
12 2.6710499281
14 5.6140780663
12 5.1113311567
12 5.3973274524
12 2.365304364
15 7.0194928264
12 4.5267665041
13 9.624133828
12 7.0914670311
12 4.5495905369
13 5.5201698514
14 2.5225452482
15 10.557060914
15 7.6993070624
12 6.0268480219
16 5.0417626002
15 5.010365193
9 3.9808917197
12 3.7784734967
12 4.491262453
10 0.22966683
12 6.1703821656
13 12.248897599
12 3.9808917197
7 0.4447923709
13 4.4317494412
12 3.0622243998
12 2.5077992981
12 3.1070374398
13 6.6348195329
12 6.0251334137
12 5.6969622734
12 12.312036247
15 3.8901222017
12 2.7560019598
12 5.1751592357
10 2.7052941579
16 4.184513117
13 3.9352151157
12 4.382633086
13 10.899087528
12 7.3961922662
15 6.4306712396
10 14.091652105
15 6.8243858053
14 3.6053358971
12 5.6927971477
12 2.4115017148
11 5.3588926997
12 0.4258112592
12 3.0622243998
12 2.4566932908
12 6.7368936796
15 12.669745799
15 2.4126616483
12 2.5735057582
14 9.8344211296
14 0.6144141561
12 6.6160240102
14 15.127388535
12 9.3927030438
12 4.9608035277
12 4.8932855966
12 2.211606511
12 3.3684468398
12 5.5271885034
12 7.5456271436
12 5.1328713749
16 9.3668040465
16 5.9323092294
12 3.7945521073
13 3.8996490316
12 8.5742283195
13 6.2775600196
14 3.6746692798
12 1.1961364792
12 3.0622243998
14 5.7124903602
12 6.7924085572
13 3.116157902
12 7.5636942675
12 3.8496535312
12 5.3725249076
13 3.0547250747
13 9.5903300521
15 12.395985811
13 5.925048141
12 4.948500251
12 3.9196472317
13 3.0622243998
15 3.2685216225
12 11.15418936
12 2.9856687898
12 6.1030132288
12 4.1449631789
10 6.3694267516
13 2.9890654551
15 6.2729202857
16 5.3674944536
12 4.3711752217
12 4.4096031357
11 4.0693559802
11 3.9602653378
16 6.7368936796
14 0.9621490561
12 6.5327453862
14 5.5028172464
10 2.7513722469
8 2.8640234285
15 6.5550457686
15 4.7770700637
15 4.9631896766
15 6.1244487996
15 6.7082260469
15 6.0938265556
14 8.9171974522
15 5.2588758998
15 3.0219907946
10 3.821656051
10 5.5120039196
15 5.5120039196
12 3.1070374398
12 8.0830288726
9 21.231422505
14 5.8182263596
14 4.9307146543
15 4.4136348214
15 7.4173205482
12 3.6746692798
15 5.8182263596
12 3.2235513438
9 1.6211776234
12 1.0158575361
9 6.3796341663
12 3.5850431998
11 2.7560019598
14 0.7729886834
12 2.1373915274
11 3.5521803038
12 4.3051584629
10 3.574678279
16 10.128063739
15 4.444599986
12 4.7464478197
14 5.9158762399
14 5.3106215751
15 8.6984494628
15 15.311121999
12 2.8100412139
15 8.0223293212
15 7.8723251986
15 12.948834605
15 3.5276825086
14 7.1700863995
15 8.3598726115
15 7.111342906
15 11.18476047
15 8.5742283195
14 2.9973772949
14 9.3178656763
10 6.244536031
13 2.1231422505
14 2.3945213352
15 7.1432823382
15 5.9028226736
15 7.7361458521
13 3.651263743
12 2.6650321136
12 32.497400234
12 8.4211170995
13 6.0884226302
14 1.5596049832
12 6.0325820676
12 5.8794708476
16 8.7273395394
12 2.7560019598
14 11.777786153
12 7.6629607191
15 6.87701603
14 7.0431161195
12 5.854252529
12 0.91121985
12 1.6331863466
15 9.0165496216
12 2.7014275422
12 7.9268122092
12 5.8182263596
14 8.2719827943
9 6.7691276206
12 8.2935244161
9 7.2052338819
12 6.4245873501
12 7.2831283022
14 5.0685093514
12 8.3698117629
12 7.232505774
12 5.1753277034
12 4.1082473888
13 4.2871141597
14 8.7160576601
14 6.7368936796
12 4.1739362723
10 3.4450024498
13 9.1866731994
12 7.5191252589
12 3.0115492915
12 4.1449631789
13 16.003584803
8 3.0944583409
14 11.024007839
11 1.8115548213
14 7.6555609995
12 6.4306712396
12 4.0727584517
12 1.9035068453
12 6.0504053772
12 2.6265677326
12 3.7913254474
12 5.092407612
13 7.3065743285
15 4.4855117969
14 12.283894449
12 2.9856687898
14 15.311121999
12 1.2156505914
12 4.3967510941
13 3.5521803038
13 6.1863972472
12 2.562413061
10 2.5971548023
10 4.644373673
12 2.578715284
13 4.2062252133
11 4.5933365997
12 1.5923566879
12 2.7408197434
13 4.4402253797
12 1.6939964765
14 6.3694267516
12 1.9200974615
14 7.2624375968
12 3.6746692798
13 3.821656051
14 7.6555609995
14 9.6708573715
12 6.7209860203
14 7.1009595674
14 10.795638562
14 9.2741653251
12 4.0783344424
12 5.8182263596
14 7.1349828515
12 3.8996490316
14 8.8464260439
12 4.2871141597
14 20.99811017
14 6.6302906459
15 3.9808917197
12 2.6951029979
14 7.6555609995
12 6.8488459695
12 5.5732484076
12 0.6687062206
12 5.2531354652
14 8.0820520715
12 3.3458078267
12 10.148102603
12 7.3493385595
7 3.0622243998
12 2.9292202741
12 4.1588421783
12 7.1299553189
14 5.3895149437
12 1.0919017288
14 4.5933365997
12 5.0526702597
7 3.1450896164
9 4.6391494057
14 6.1244487996
13 30.862170858
14 9.1866731994
15 10.313190984
13 6.7368936796
13 7.6963906582
14 16.971826768
13 6.8243858053
12 4.5066698714
15 4.1878493932
12 3.1756401183
12 5.2057814797
12 2.1963540523
13 4.3823577084
14 4.5933365997
12 4.5933365997
10 6.4306712396
12 3.9156311997
9 3.0622243998
14 5.8362421582
10 7.3493385595
14 8.7579617834
14 10.795638562
10 5.790387956
8 2.3885350318
15 2.9125701065
14 7.1130654079
12 2.113079965
12 7.4751218601
13 1.1905470564
14 7.4126949264
14 2.5477707006
14 10.464058235
15 7.4309978769
12 3.3760212464
15 6.1244487996
9 3.2842356688
13 6.7368936796
12 4.7120759132
9 8.0748310745
10 4.3526834293
12 15.311121999
14 2.3246083035
14 7.1962273395
14 9.7378735914
14 3.1847133758
14 9.2758642013
14 6.1621542891
10 5.780867222
13 7.9617834395
11 4.6436086828
14 2.7639749645
9 2.8810907366
13 2.7173322319
10 1.8366282444
12 2.7560019598
12 4.5593459089
12 3.0350959689
12 3.9808917197
15 6.1244487996
14 12.861342479
12 7.8392944635
11 2.8034448731
14 13.998740113
14 2.9193205945
15 10.411562959
14 5.5290162774
13 4.4096031357
12 4.8995590397
15 5.6712395884
11 4.1340029397
14 7.2517192618
14 8.9570063694
14 11.636452719
13 3.2764540903
14 3.6307807216
11 2.9711611669
13 5.5640969324
15 6.1351746294
14 7.2517192618
15 14.649095565
14 10.311001022
14 5.5120039196
12 1.1362041425
12 5.4284887087
12 13.178124314
14 8.7894573389
12 6.0251334137
14 2.8847041447
14 4.9487291045
12 5.7263596276
15 4.8995590397
12 3.9808917197
14 7.8392944635
14 8.2796633725
12 6.4994150526
12 1.7249894352
13 4.8995590397
14 12.132241432
12 3.1222680155
9 5.397819281
13 8.5742283195
13 6.4306712396
13 7.0063694268
13 5.4346644638
13 8.9623180881
13 10.978937464
13 8.8192062714
13 3.2386915686
12 5.6051867939
13 7.1812164356
13 6.1556006246
12 6.7368936796
13 7.8739050351
12 5.5455208036
13 7.9617834395
12 2.3873413612
12 3.0622243998
13 1.0686957637
13 4.1521686777
12 4.0312827542
12 5.6533373535
12 16.472655392
10 1.5923566879
12 4.2819675641
13 9.4783136184
12 1.7402805332
13 3.3684468398
13 5.4268658422
13 5.2057814797
12 3.5336625529
13 9.1866731994
11 1.858782126
12 1.3054079864
11 3.8176374852
13 4.4096031357
11 0.2123142251
15 8.7119818791
12 4.0873326748
13 5.6600356205
12 8.5742283195
12 2.6580810648
12 2.441729861
12 7.2956581318
14 7.9617834395
12 1.5923566879
13 7.1962273395
12 5.1681752151
14 8.3151785269
12 3.0504291651
12 1.3965454899
12 2.8221056189
12 3.2587764776
12 5.5120039196
12 4.7426855931
12 5.790387956
14 9.8598726115
12 3.6746692798
12 2.8576690311
12 3.9439174932
12 2.148204638
10 3.9808917197
13 8.5742283195
13 5.8078903881
13 4.3240720404
13 6.7341956845
9 1.1927765452
12 4.1340029397
12 4.5933365997
10 12.17684526
13 7.4358013661
13 6.833101496
12 8.9171974522
12 8.2839365266
13 7.3519091571
12 0.6824385805
12 3.7031550881
12 5.8505117926
12 7.1513024906
13 7.1615858382
13 1.185377187
12 5.2406675804
13 3.7809382544
13 3.5265974017
13 7.6555609995
13 4.8085103235
13 5.3391207478
13 3.7436630703
12 4.4708476237
12 5.7222235377
12 1.7292561317
12 1.3339113616
12 3.3463256964
12 4.9806363752
13 5.6651151396
10 4.4096031357
12 0.6757069139
12 8.9303302909
12 3.1154804763
12 6.0868241995
12 3.0622243998
12 6.0387341663
14 6.5225379716
13 5.2057814797
12 2.3331233522
11 4.8211491416
12 6.6656791586
13 5.2789036865
13 5.639596603
12 6.8043109748
12 5.5120039196
13 7.9617834395
14 12.552361278
12 9.1101856388
11 4.5495905369
12 6.2953636498
12 6.175344496
13 6.1244487996
12 3.4996850283
12 3.3665046256
13 6.1223052425
13 5.2980985388
12 4.3126326964
13 5.0745432911
12 3.821656051
13 6.2775600196
12 8.7273395394
13 5.2608834526
13 10.942348522
13 5.5732484076
12 9.3302149682
12 7.9141080896
12 5.3895149437
12 2.9091131798
11 9.0133397428
12 4.9927016985
12 2.2456312265
12 3.3684468398
13 7.3493385595
12 4.0589484201
11 3.0293615038
12 2.4497795198
13 2.7186577598
12 0.6798238733
12 5.237084218
12 3.1790365249
13 4.8995590397
8 0.0979911808
12 2.564181462
13 11.373976342
13 5.7039642552
13 8.0098424945
9 0.9080649137
13 7.4063101763
13 2.8365868125
13 3.6676161717
12 2.9856687898
12 4.6545810877
12 2.7890079713
12 2.1021210401
12 4.0904575469
14 8.6481440808
11 3.0170968823
12 2.5477707006
9 1.1450654834
13 7.6555609995
11 7.0771408351
13 1.7498425142
12 5.5120039196
12 3.9808917197
12 4.0146689828
12 3.9705517413
12 3.5385704176
14 4.4626556858
13 6.1244487996
12 4.0882629884
12 1.707621113
13 6.7368936796
13 0.5941629432
12 1.4519969798
13 9.7991180794
13 5.6971616741
12 16.780989711
12 2.8626637086
14 5.790387956
13 7.5024497795
12 3.5498397501
13 2.4146942192
7 4.3551635908
11 1.995434446
12 1.1708505058
13 7.3493385595
11 4.2704850689
9 2.6539278132
12 3.3523298693
12 5.9713375796
13 4.8995590397
13 1.6379755552
13 5.9713375796
12 2.7522214359
12 12.786804018
12 3.3684468398
14 3.6746692798
12 2.6832904188
14 2.895193978
12 11.207202495
12 4.1040120822
14 2.7981630204
12 2.1638797429
12 3.0510340489
12 6.1712956798
12 9.6832501291
12 8.0492755652
11 4.7360245179
12 6.873482106
12 3.8277804998
12 10.294023033
12 13.087863188
12 3.4066626062
13 5.2768155349
12 4.5495905369
12 3.7031550881
12 3.5840825773
9 5.3524594551
12 4.5495905369
9 3.5385704176
12 6.0661207158
12 7.0640592439
12 2.9034423939
12 8.3343014593
12 1.9904458599
11 5.5120039196
11 3.5125515174
11 4.1646251837
12 5.0246057901
12 5.516059846
12 5.9713375796
12 7.0147871714
12 5.245410266
12 4.4402253797
7 3.0622243998
12 6.5664193315
12 7.3807459893
12 2.1755157785
12 4.8995590397
8 6.8111173948
12 3.9808917197
11 6.4306712396
11 3.3760212464
12 5.1110293691
12 2.9217553906
12 7.3493385595
12 10.100770035
12 6.5010264779
12 8.2680058795
12 2.7773663161
12 5.8087997887
12 4.5933365997
12 11.008885743
12 7.7285931295
12 1.9610304038
12 7.6644554272
12 4.2862898732
12 2.2480329712
12 6.1024447919
11 6.7368936796
11 2.9785089126
12 4.0621344079
12 5.5120039196
12 5.7096454945
13 6.4148653814
9 6.3900397832
12 10.411562959
10 3.7637521714
11 2.7613121755
11 5.0880036181
12 3.334778404
8 2.895193978
11 2.5186661144
12 4.069921247
11 3.8277804998
12 5.6491589815
12 5.8182263596
12 2.2966682999
10 3.9808917197
12 1.4928343949
12 2.5683172385
12 5.5953968535
12 10.615711253
12 8.2046853071
12 1.2248897599
12 11.005994755
12 6.6148150519
9 1.5976822955
12 7.1671631745
12 7.6555609995
12 4.1513954619
12 9.5983722576
12 6.4861779548
12 9.4222289225
12 8.0440521547
13 4.8995590397
12 4.8995590397
12 4.6584903103
12 3.5092098468
11 1.8423961678
12 3.0696032538
12 3.9347810048
12 3.0622243998
12 6.1244487996
12 4.8995590397
12 5.3588926997
12 6.250372046
12 3.9808917197
12 5.8644338378
11 4.6350288568
12 1.6193457843
12 5.1644000689
12 3.928280816
12 4.0867082732
11 6.244536031
11 4.5001384658
12 3.1743397166
12 3.7705169035
11 2.3302780799
12 7.9617834395
12 6.8488459695
12 5.1408830832
12 9.5678084251
11 5.8704394024
12 3.9196472317
12 7.6555609995
12 6.7368936796
9 4.2871141597
13 8.2104658176
11 2.6429156646
12 3.6746692798
12 0.6898296121
12 1.8219184072
12 6.6494015539
11 3.9808917197
12 2.5022747953
11 1.486839076
11 4.0969726104
11 7.2967179971
11 4.2111912407
13 8.3685898926
11 3.1563066162
12 4.7127232653
12 3.5262163064
12 4.7035766781
10 4.1704579921
12 4.838652919
11 2.4581835662
12 6.1244487996
12 8.8804507594
12 7.6555609995
11 5.2025656081
12 3.15466891
12 3.4198264438
12 4.8859415882
12 0.5197900048
12 4.2871141597
12 3.0622243998
13 4.693261817
12 10.924692453
11 4.6768518106
10 2.4497795198
12 2.2292993631
12 4.2099461049
12 5.1717567641
12 1.2208649305
12 2.9200810322
10 2.9098903941
12 1.5589506035
12 3.768891569
12 7.9617834395
11 0.8165931733
12 3.9502694757
10 2.1710424111
12 4.4585987261
10 3.5486806187
13 11.636452719
12 2.915582668
11 2.3885350318
11 4.8995590397
12 7.0431161195
12 4.3871051605
11 5.3078556263
12 5.8941695247
10 2.3306841224
12 1.0070239923
12 6.361474908
11 6.0537660911
10 3.4011502072
12 4.9761146497
12 2.8662420382
11 2.7811709275
11 2.7793862189
13 3.1483858468
10 3.6746692798
12 8.8804507594
12 4.8995590397
12 0.2813351039
12 7.5564133484
12 4.8995590397
12 2.2845863528
12 2.8266686767
13 6.0155697098
13 4.5083711435
12 9.4773409849
10 8.6365108496
12 3.6746692798
12 3.1222680155
11 9.2007477699
12 4.2441080354
12 2.5150747292
11 3.5923014217
12 4.7356332726
12 3.8770423705
11 6.0495647095
11 2.9239908577
11 10.393004024
11 8.5936710141
11 7.3175232411
10 7.1628053475
12 6.7691276206
10 6.2195911467
11 11.306674707
10 4.679354139
11 4.2874352919
11 3.1131118043
11 4.8107452807
11 6.6079579154
8 2.5830213449
11 12.095786379
8 1.4461679693
11 7.9617834395
11 5.5885595296
11 5.2182493248
10 3.2168821978
11 3.3291528099
11 3.0622243998
11 4.2747830548
11 4.7464478197
11 6.3422456986
10 1.835569669
11 5.5941504644
12 2.9200810322
11 7.0431161195
11 6.1244487996
11 0.6617586235
11 6.1244487996
11 6.4306712396
11 7.3493385595
11 8.1469411939
11 5.5363282791
11 1.9658158823
11 7.6052856735
11 5.8268054903
11 2.9488086813
11 3.1531815602
9 2.1435570799
12 10.770968456
11 3.1428092524
10 5.1297396657
11 5.4595086442
10 5.5120039196
10 8.3808246731
11 7.1147852012
11 10.105340519
11 10.565399825
11 7.0431161195
11 6.2988793034
11 6.3694267516
12 4.5495905369
11 6.1110612721
11 7.7205172747
10 1.65296542
11 3.7288588471
11 5.1242371292
10 1.5519415435
10 6.2278839349
10 3.6746692798
11 4.2788855337
11 5.7876041156
10 4.382633086
11 2.3530366343
11 3.3684468398
10 3.9808917197
11 5.3750436722
11 5.6869881711
11 5.9740830222
11 5.2057814797
10 3.3401218217
11 4.4585987261
10 2.8919077192
11 3.6746692798
11 4.4323330488
11 2.8999440912
11 3.8572003061
11 7.4189345686
11 6.7368936796
12 4.1159462046
11 8.3510261854
11 11.980795873
11 5.3282704557
12 3.1847133758
11 4.5495905369
11 9.9146737171
11 2.5660999863
11 10.781212319
11 6.3141776967
10 2.1435570799
11 9.1947105338
11 2.9010546946
11 1.9231360965
11 5.2057814797
11 0.551200392
11 5.397819281
11 10.734988907
11 5.6061305193
10 3.0622243998
12 6.4278618594
10 4.381355181
11 6.9874556125
10 5.178395733
11 4.0829658664
11 3.7467216186
11 7.2758801541
11 4.0420289181
11 5.2057814797
10 5.2057814797
11 8.2424531814
10 2.2747952684
11 3.81860117
12 5.5107716362
9 3.6059544142
11 4.6646780667
11 4.9914257717
11 3.0622243998
11 8.4076433121
10 8.8804507594
10 7.0431161195
10 4.1539739684
11 3.5240680798
11 5.3609062612
11 4.112255435
11 8.5805748985
10 7.4934432372
11 4.5127517471
11 3.4501061571
11 4.3883845729
11 2.4804017638
11 6.3030785563
11 3.8277804998
11 3.4616449737
10 3.954644082
11 8.5379396962
10 5.1205753251
10 2.1435570799
11 3.9479917882
11 3.0534164677
10 4.644373673
11 2.2579449331
11 9.45285949
10 6.6625802841
11 10.183676492
10 5.9195415907
11 2.1615701646
11 7.4371955398
11 6.1244487996
11 1.7975804567
11 2.8251489624
11 10.105340519
11 6.1244487996
11 6.9596009086
11 7.9950963409
11 6.8900048996
11 5.8107051067
11 7.1764129464
11 1.1921386968
11 3.8956738542
12 3.2899931568
11 3.8743471725
11 4.2685163571
11 6.1143123402
10 3.9844492637
11 8.7729840163
11 3.9472503813
10 3.6746692798
11 2.4497795198
11 3.3684468398
11 3.810768142
11 2.4497795198
11 4.3595187544
11 2.2427558984
10 4.5933365997
11 6.0966805179
11 1.8063296178
10 1.9301293187
11 4.2843677701
10 1.9904458599
10 0.2713280831
11 2.516896767
11 3.2250262033
10 7.5502924983
8 1.4764708912
10 2.6476239466
12 5.3109505859
12 3.0622243998
11 4.1340029397
11 6.4994150526
11 2.9430716994
11 2.4497795198
10 3.1890620968
11 4.5495905369
10 4.6768518106
11 4.3456127935
10 2.3161551824
10 3.0622243998
12 6.1244487996
11 4.3378615788
11 3.6053358971
10 5.7880389142
11 5.7105205359
12 2.7560019598
8 3.3602487587
11 7.279344859
11 4.8593242502
10 5.103707333
10 18.515775441
10 5.4712763351
9 5.6079290213
10 5.4507594317
10 6.7368936796
10 3.467443374
10 7.4718275355
10 4.4059192567
10 5.3588926997
10 1.7498425142
9 2.3109031298
10 10.84157745
9 2.7560019598
10 3.9808917197
10 3.4253853598
9 1.1942675159
10 3.9612989641
10 2.2442611037
9 5.9713375796
10 1.8439200687
10 4.1340029397
10 0.5186829602
10 5.6466549216
10 10.972970766
10 1.0191082803
9 3.7913254474
9 3.0622243998
10 7.0431161195
10 1.9833624226
9 3.1453959267
9 3.3523298693
11 0.5541041106
9 0.3249707526
10 4.491262453
9 0.5514655196
8 5.7124903602
9 2.4250048311
6 4.5173239373
9 4.6301517859
9 2.3272905439
8 2.1435570799
9 3.6746692798
8 1.4812620353
8 1.6761649346
12 11.45580351
14 2.9332886356
11 6.2191310837
12 6.915377616
11 4.9465625755
12 5.1345640883
12 3.0622243998
11 5.5872164488
12 7.6555609995
14 16.65645071
15 3.2168821978
12 6.8287604116
11 1.0328800138
12 3.4909358158
12 6.1309990122
13 4.6384438443
15 7.9617834395
15 8.9458240893
13 2.4497795198
12 2.6329406054
8 6.1893722851
12 2.0414829332
11 1.0927938054
14 0.734933856
12 3.5031847134
14 9.0335619794
15 8.7579617834
10 4.8995590397
13 6.3482658654
12 2.9117379436
15 3.2663726931
12 4.3329433684
12 3.2527248964
12 10.564674179
12 7.944758956
12 6.1244487996
8 3.2393778775
12 2.5294578834
11 2.9625240705
8 5.7379960804
14 9.7991180794
12 6.1244487996
15 15.716767309
12 7.4641719745
12 2.359046945
12 6.1197413063
15 12.204889584
12 5.5732484076
9 4.4232130219
12 10.96849924
10 2.0029643873
9 7.8392944635
12 4.8253232967
11 3.3406084361
13 6.2782902798
10 2.0747318409
11 3.6746692798
14 5.4109207841
13 6.6348195329
13 3.3684468398
11 6.3553038541
12 4.8995590397
12 4.7491339815
12 2.465584549
12 7.0431161195
11 2.5922085617
11 4.8995590397
12 4.9865906805
14 3.0755319901
12 4.3940855608
12 7.7248869077
14 14.382576536
10 9.6344270192
12 5.7382222987
10 4.338846561
12 4.4113344287
14 10.634977516
12 7.6963906582
14 11.660950514
14 1.3846579895
13 1.4861995754
14 5.0862935947
12 9.0346478746
11 2.4497795198
9 7.1962273395
11 5.5120039196
12 3.2143846184
8 1.0317059529
10 6.1244487996
15 6.4555000861
12 2.3437284584
12 4.8995590397
14 3.9808917197
10 0.8685581934
11 6.7368936796
12 0.8319522925
13 4.5495905369
11 6.0088931619
12 8.685581934
10 3.0622243998
8 1.5250024146
12 5.3453669735
10 7.0431161195
12 6.1244487996
14 3.595644134
9 3.6761120239
14 2.0489883852
14 2.4497795198
12 3.0013005636
9 5.0752404395
14 4.4855117969
12 8.9530094902
10 1.0734988907
14 14.290380532
13 4.8995590397
12 8.2680058795
12 3.434494817
12 7.3493385595
14 4.8510485541
10 4.7283954051
12 5.5120039196
12 6.808697562
10 2.6175726376
12 4.0256208402
12 5.4373155197
12 12.283894449
12 3.9808917197
10 4.0483644608
13 11.092493885
12 5.2057814797
9 3.1222680155
9 3.9808917197
11 7.2640521177
12 5.8301389031
13 3.1919678482
11 3.9156311997
12 3.3328395793
14 4.6044048807
10 2.8467855899
9 1.0881708573
12 1.4329641367
9 3.8277804998
12 8.1148946595
12 7.4641719745
12 5.8168280836
11 6.4337643955
10 2.5320159348
12 4.4960659423
10 1.797822067
12 5.2057814797
12 0.3184713376
9 5.9144676979
12 10.198499893
12 4.7464478197
9 5.4284887087
11 4.2540190812
12 6.1244487996
12 4.8995590397
13 7.9617834395
13 5.8519878279
13 4.1904123366
12 2.3382623905
12 7.9617834395
10 2.7560019598
13 5.9429338517
12 2.1149175711
13 5.0526702597
8 3.1847133758
11 1.6472655392
12 5.2057814797
14 10.615711253
11 4.8131688299
13 9.9334160115
12 5.6785379658
12 3.5783296357
11 4.6161699106
12 8.0394370932
13 7.1451902662
10 7.4332435081
12 2.0080159999
11 2.0029643873
12 3.2812198417
12 1.9935607986
11 9.3755580689
13 5.9713375796
13 9.7531847134
12 4.5933365997
12 7.0431161195
11 5.5975028473
12 6.2556869882
11 2.7613121755
8 4.8995590397
11 10.105340519
12 2.5697342412
11 7.7351672126
10 2.7560019598
11 9.3539080335
11 5.7758025959
12 5.0065363113
8 5.7091510244
9 0.5258194897
12 2.1435570799
11 7.6555609995
12 8.5742283195
12 3.1120977614
12 3.976910828
12 3.7659204286
12 7.3493385595
8 1.0411562959
9 5.8182263596
11 0.2211606511
11 4.8995590397
11 3.1070374398
11 3.8370040672
12 4.3866575424
12 3.7284449278
11 4.5933365997
12 6.3220116641
8 6.050955414
11 4.3927081045
12 6.4306712396
12 5.7324840764
11 4.5933365997
12 3.6860108516
12 7.1560454928
12 7.0431161195
11 4.7770700637
11 9.4928956394
13 3.7913254474
12 3.3684468398
11 3.9808917197
10 5.7324840764
11 2.2058620785
10 1.905384071
11 4.7770700637
12 2.3810941127
12 4.556988245
11 7.9617834395
11 5.5386319579
13 9.6630192172
12 5.2057814797
11 6.4078739956
11 5.6962353063
11 39.808917197
12 4.5933365997
12 9.5694512494
12 8.5742283195
12 0.7625370055
12 5.7253274172
11 18.473419092
13 3.3641338477
9 4.7321149715
8 2.1435570799
11 4.1340029397
11 7.6846912084
11 3.7052915238
12 5.4075133238
12 3.9676661659
11 6.0983873154
11 3.3174097665
11 11.722871322
11 3.7454626395
10 7.9617834395
9 2.5409947147
11 4.220026558
11 4.4585987261
11 7.6555609995
11 5.3841308128
11 5.6653096901
11 5.2057814797
10 5.4491293502
11 4.1141335448
12 11.889596603
10 3.0622243998
11 4.5627143557
10 4.8995590397
10 0.8261253893
8 1.8373346399
11 6.2775600196
11 4.7464478197
11 5.2057814797
11 3.2094010764
10 5.2057814797
10 5.8182263596
10 6.2394384505
11 11.811436971
10 5.8182263596
11 2.9047966114
12 4.1033806957
11 7.3493385595
10 0.5047089344
9 0.4697217368
11 4.631508372
11 3.5985461873
11 6.4306712396
10 6.3694267516
10 4.3517822526
10 4.6848373288
10 3.970443185
11 10.707113441
10 4.7464478197
10 9.8436595252
12 4.5062611032
9 5.4639690271
10 4.199622034
11 3.1847133758
11 5.6267020774
10 2.1435570799
9 3.6746692798
10 5.7406850551
11 7.9617834395
10 1.3780009799
11 5.1328713749
10 3.0622243998
11 6.8243858053
9 1.3132838663
9 5.5120039196
13 5.9395187293
11 6.5867908496
11 4.0946314832
11 6.6097824781
9 5.3524594551
9 2.0603506128
8 3.6396724295
10 6.5787506354
10 2.5142474019
9 5.3287526957
8 7.3493385595
8 9.0991810737
10 8.6660950514
10 2.1713954835
11 9.2993630573
10 2.8152162438
10 7.0431161195
10 7.4630507229
10 5.3928784853
10 3.2519960527
11 4.2871141597
10 5.9151437143
10 7.1349828515
10 11.636452719
9 5.1778245537
7 4.6540696515
8 0.77675936
10 5.3841308128
12 11.198992091
12 7.4535844965
12 7.8115611104
12 8.2680058795
8 1.8515775441
11 4.5122710022
10 3.7898089172
13 3.5713791194
14 10.615711253
12 5.5120039196
15 12.086732141
12 4.8995590397
12 2.5875796178
12 3.1531815602
14 2.4419527482
12 3.8781215
14 6.0776972821
10 5.4797699786
12 8.7172811381
8 5.6543213983
10 7.6007479136
14 8.1065431384
10 2.3645203718
9 4.1904123366
12 5.6617126681
12 7.9617834395
12 5.8460647633
14 4.1218216512
6 5.0616149014
8 5.2488065526
8 4.0991360283
11 12.327922745
14 25.076734039
12 5.8494735474
12 5.5120039196
13 3.0622243998
12 8.3204223332
15 0.8912444149
15 7.8283457282
11 4.3987753809
13 8.450317415
6 0.231447193
9 2.6724867489
6 3.5812037961
8 10.411562959
6 7.0063694268
13 9.5823234316
12 4.5933365997
12 6.7572331774
10 7.3493385595
14 10.3948213
12 6.5109695683
11 18.373346399
4 3.5649776595
13 9.0239812301
13 6.2101910828
12 6.4306712396
14 10.105340519
12 11.785314427
12 3.4702176457
12 4.2462845011
14 6.2554875147
13 13.609886221
12 6.4306712396
12 6.7368936796
13 5.8877054006
12 1.7416401274
13 10.436794771
13 5.1297396657
13 7.0117979155
14 10.564674179
4 9.0991810737
12 3.3075658206
11 3.5583389674
12 7.3493385595
10 5.4927119059
10 1.5611340077
11 12.151529574
8 4.7961200733
12 5.4140127389
13 6.6348195329
12 12.489072062
12 3.0622243998
13 5.9843470297
12 7.5081651296
12 12.853238294
12 5.8182263596
12 7.5569469934
13 2.3161551824
12 4.2871141597
14 11.330230279
11 3.256353145
12 4.8253232967
10 9.910291218
6 5.6068897461
12 4.1539739684
12 4.8745612895
12 1.6634305382
12 3.2587764776
10 6.9665605096
13 10.227234889
10 2.8141797135
11 5.2057814797
12 10.494250026
12 9.7991180794
13 9.7640675804
11 7.9617834395
12 4.2871141597
13 7.0431161195
9 3.6419848008
12 6.5639130646
12 13.771733517
9 4.1513954619
8 2.5477707006
6 6.7368936796
12 4.2871141597
12 9.1866731994
12 5.8182263596
12 7.0431161195
11 4.1596256337
12 4.9761146497
12 5.1309918907
9 5.3588926997
8 2.6423386087
11 3.821656051
11 4.5933365997
12 4.5924179324
8 5.5120039196
12 5.7555061008
12 4.0943318394
12 3.1800022613
11 6.9563705137
13 10.555394711
10 3.6131270066
12 9.7644513881
11 2.7936082244
11 5.2057814797
12 4.6044048807
11 9.1866731994
12 8.1570315347
12 10.110201193
12 12.169229973
12 5.9883499374
12 16.229789319
12 7.5687886445
10 10.184616379
9 7.0035301578
12 4.1226063117
12 3.3843925354
11 4.8149014321
12 7.1202941329
11 3.6746692798
12 9.1866731994
7 6.1309990122
11 2.7560019598
11 5.8182263596
11 11.330230279
9 1.6003584803
10 1.3099078152
11 2.4430677951
9 4.0904575469
10 4.3498524157
10 11.126340402
10 0.6832657788
11 7.3162334309
11 4.8995590397
10 6.7368936796
12 6.2650099196
11 3.3649801707
12 4.1690793283
11 5.2423265445
12 2.8204103697
12 8.5742283195
11 9.1866731994
10 4.1728931896
9 10.133178923
11 5.8466660247
10 7.6555609995
12 3.2497075263
13 5.6729184329
8 4.0946314832
11 7.3493385595
12 8.2009786501
11 5.2057814797
11 9.9522292994
10 2.969429721
6 5.5120039196
3 5.5168263203
12 14.392454679
7 5.0526702597
10 10.425660156
12 6.2605476618
11 2.7560019598
11 4.0693559802
11 3.7671768776
11 2.2500692329
12 4.5987089232
11 1.5833092067
12 8.9214233896
13 20.845396642
11 4.8995590397
11 4.0180587633
10 6.2520414829
11 3.4351964503
11 5.7449731485
12 5.955155093
13 4.7842464333
7 4.0355396525
13 8.9419598025
12 9.1866731994
6 5.4595086442
8 5.8159123362
11 2.6407241922
9 2.4497795198
9 2.7895299642
12 7.9123313684
10 5.925048141
10 7.9617834395
11 4.0300385311
10 4.6115951779
11 5.1537484425
11 5.3078556263
11 7.6128606593
11 8.8804507594
9 3.3684468398
9 5.1644000689
9 4.7996566834
5 3.8026428368
9 2.5578012939
10 5.5120039196
11 13.469397073
10 7.0431161195
11 5.9713375796
11 11.071436231
11 3.1154804763
9 4.8995590397
11 5.3588926997
10 3.768891569
10 5.5501228956
10 2.1055956204
11 3.8680729261
11 7.3493385595
11 10.702017848
10 5.790387956
10 6.8898338256
11 6.5837824596
12 5.3323722805
11 3.4920102805
11 5.5547326322
10 9.6282032292
10 4.0880378737
10 2.3451497613
9 0.8138109137
11 3.7988628737
11 1.6116970525
11 9.6460068594
10 3.9933710041
10 3.4663546947
12 9.9029956562
10 4.8995590397
10 2.4880573248
11 3.9277040606
10 3.0622243998
9 4.9847687621
6 2.7560019598
10 8.7334929454
10 2.1435570799
10 5.6714073816
11 2.5849946232
8 3.9808917197
11 10.411562959
10 5.2429236526
10 0.9829362271
9 3.9808917197
11 11.595623061
10 6.9993700567
9 5.9666761139
9 6.1244487996
10 6.4873790988
10 3.0399536769
10 2.3885350318
10 8.4744900899
10 6.3517010742
10 5.2057814797
10 7.0337227932
9 5.7787137867
9 3.9808917197
10 1.0049056142
10 9.1281593574
9 5.1574305681
9 4.5933365997
9 1.8312101911
9 3.7512557714
13 6.1739193069
12 8.2680058795
13 5.1049659538
14 8.5209722429
15 21.435570799
15 7.2497540262
12 13.167564919
14 6.4306712396
14 13.609886221
12 5.6242178822
11 4.7926461637
14 13.221963716
15 8.2680058795
12 7.279344859
15 12.555120039
12 7.4271562443
12 8.4925690021
12 15.311121999
15 13.780009799
13 9.7991180794
12 3.9808917197
12 6.8858667585
9 2.7573275981
11 4.0884833878
12 7.6555609995
12 2.6670013492
15 7.8358501338
8 3.6189924725
12 7.5126571942
12 5.5409263373
12 5.8182263596
14 5.1844171234
12 10.717785399
13 4.4855117969
5 7.5004464551
14 10.291712884
15 16.331863466
14 5.4190149065
15 5.6869881711
15 15.938603297
12 4.9330412199
12 9.9604204346
12 5.1412413242
12 7.3738363547
15 11.745042237
14 4.9340629766
13 8.685581934
12 9.2547226305
12 4.8995590397
11 1.6359828985
8 4.0899572463
14 7.446842222
12 7.8086722195
12 3.6746692798
12 5.1208114096
12 7.4387465712
13 8.3319301627
13 7.3091782395
12 5.0480305257
14 5.1760605696
12 5.3588926997
14 6.7368936796
8 2.9322169189
13 11.146496815
13 7.9355261837
15 7.1043606075
14 7.2852920361
12 5.5676807269
15 14.147476727
12 8.8804507594
12 10.166585007
14 10.071315804
12 5.0271718639
12 5.3588926997
12 5.5120039196
13 4.2951310899
15 9.7991180794
12 9.1866731994
16 8.9825249061
12 7.5024497795
12 11.024007839
12 4.6976249361
14 12.310142087
13 7.6555609995
12 8.6763024661
10 5.3524594551
12 5.4140127389
14 11.715960067
15 12.248897599
13 6.1244487996
12 2.5802075961
15 5.2380154207
14 8.4256983801
10 4.2510879903
14 5.1858359568
13 14.345555747
16 8.5742283195
13 2.585693664
15 8.4925690021
12 5.3588926997
15 9.6641629051
13 7.1025981762
12 6.3088616795
14 6.7472741013
12 5.2727042646
11 12.35858922
12 4.9488233445
12 11.769592911
12 5.103707333
12 9.1866731994
12 10.105340519
12 5.8578418929
14 4.5933365997
14 11.636452719
12 0.3382370661
12 8.1242688158
12 3.3113227761
12 2.769315979
12 3.3641338477
14 4.4541445815
12 10.044096031
14 11.330230279
12 6.7368936796
14 4.6155266316
12 6.5837824596
14 4.9902916145
12 8.8192062714
12 3.5739561217
12 4.6605561597
12 4.7022613602
9 3.9291918273
12 9.8207020399
14 3.5828025478
12 8.2680058795
11 6.4306712396
15 5.9416294325
12 3.9925281725
15 6.0661207158
15 8.5742283195
15 8.2680058795
14 11.996229756
15 12.119961835
14 6.304210778
15 9.3525759897
14 6.8403591715
14 7.2544723822
12 3.6557416234
15 6.9205039152
15 11.266674679
15 9.1866731994
15 3.5884094375
9 3.4551135681
15 9.7206054965
15 14.618356479
14 11.557427573
12 6.5981630714
15 3.9196472317
12 4.4541445815
15 5.2432642565
9 18.373346399
12 7.8143430054
12 7.0063694268
15 13.491889178
14 7.1451902662
15 7.5513822313
15 7.9617834395
15 7.7351672126
16 8.7103271817
12 5.0516143202
13 4.8995590397
15 2.6818638954
15 14.336330309
14 12.003919647
15 15.004899559
10 3.3587711521
15 10.411562959
12 4.8124557679
15 7.9617834395
15 8.2067613915
14 6.2814859483
15 22.911836136
12 5.2057814797
12 5.5547326322
7 4.0725234985
15 6.9160150368
12 6.2738255996
14 13.081822636
10 1.8947028945
12 6.1048818705
12 8.3079479369
12 9.5066070919
15 9.7338418226
13 3.9808917197
12 7.6555609995
14 9.7991180794
15 7.0415773133
16 6.1269034885
12 0.4152168678
12 5.2902215545
14 7.3493385595
8 5.5947667413
11 3.330754134
13 9.0641842234
14 3.3862775135
12 6.6230764895
11 4.7131064758
12 7.3493385595
14 4.8658722319
15 7.2019750696
14 5.3078556263
12 17.692852088
13 9.7991180794
14 10.810639946
14 10.264990736
14 8.8804507594
14 9.2119808391
13 11.186207853
14 5.7842016441
14 11.352636799
12 5.9713375796
12 3.0622243998
12 15.311121999
14 7.3817859704
14 8.7035645053
13 9.0991810737
12 7.7257197796
10 3.0622243998
10 4.6273613153
12 6.3694267516
11 4.6768518106
14 10.105340519
14 4.7770700637
13 9.7991180794
13 7.6555609995
14 3.9996400324
12 9.1866731994
12 13.480268257
12 9.6379483741
12 13.159972627
13 10.973544216
9 4.0385858026
12 8.8071085948
14 9.8036885636
13 17.31868301
13 9.1866731994
11 4.2392191358
10 3.9808917197
10 1.0944032219
14 9.2310532632
12 4.8737038469
14 10.17074132
12 4.649216607
14 8.7652661719
14 2.6613203697
13 7.3528735949
11 8.8804507594
12 7.3493385595
12 6.3030785563
12 4.1093075817
12 4.5933365997
12 6.1244487996
12 10.207414666
14 11.024007839
14 6.1281699837
12 9.7991180794
12 2.2037420765
12 5.9620219204
12 5.8182263596
14 2.7793862189
8 3.3777263077
13 7.9795950356
12 2.1435570799
12 2.9675738274
9 2.7751399344
13 7.1962273395
16 12.738853503
12 7.7168054875
14 13.800424628
12 9.749122579
14 10.105340519
12 10.748407643
13 9.4472371803
15 22.11606511
8 6.6878980892
14 7.7604509847
13 10.317978539
12 2.6539278132
12 9.0641842234
14 5.4622227922
13 12.827317764
12 7.6555609995
15 9.969781732
14 20.414829332
12 7.0431161195
13 13.780009799
12 4.2019792599
12 8.5742283195
12 10.717785399
12 5.9710801547
13 10.991488642
11 6.6348195329
13 15.311121999
12 7.2243025538
10 4.0289830291
12 2.3161551824
12 11.636452719
13 4.1721135927
7 4.5933365997
12 7.6555609995
12 4.1646251837
12 3.7111463594
10 7.4412052915
14 5.4532763284
12 6.7759859059
12 9.6926059263
10 7.3493385595
13 6.2856185049
13 10.384934921
13 7.0171650653
12 2.6807351648
14 13.846579895
12 7.0431161195
12 3.8346814635
9 0.1846210653
12 7.0219867712
14 6.6589461494
12 5.8182263596
13 9.7991180794
11 3.595644134
12 3.7665360118
12 6.4306712396
10 4.2150618209
13 7.4641719745
7 3.5361147823
12 7.3616490094
14 7.0410329737
14 6.7341956845
12 1.0424593701
12 3.0707474896
12 3.8837967998
13 2.2768281507
14 6.1856932876
15 16.798488136
14 8.9350675874
13 3.4491480604
13 8.5742283195
13 6.4467882101
14 7.5026651258
13 4.2914577404
11 3.6746692798
15 7.0147871714
13 4.8995590397
12 7.1812164356
10 7.9047778301
10 6.6753817484
13 4.342790967
14 12.248897599
12 4.5495905369
15 4.4089975042
14 7.8937340084
13 14.698677119
12 4.5495905369
12 7.5163689813
12 8.0842724155
14 22.123968204
13 7.9940173805
13 18.462291147
12 7.0431161195
13 12.243291696
14 7.6555609995
12 3.8277804998
10 7.5998841922
13 9.2162123415
13 11.636452719
9 5.1995320421
12 2.9941749687
12 7.2132396973
10 0.8165931733
14 7.4854374217
14 7.7748871146
15 6.7254816632
13 7.6203074003
14 8.0152182277
14 2.4674038329
15 12.397910952
14 14.297568853
11 2.6028907398
9 3.6746692798
10 1.6326281831
12 7.0431161195
14 3.5985461873
14 10.887908977
14 8.4211170995
12 7.237984945
14 4.9248144987
13 8.800847268
12 6.0792793291
14 4.376821276
8 2.895193978
9 3.2663726931
12 4.9495545401
12 10.717785399
10 2.0445073524
12 7.259273136
14 6.1244487996
15 4.2462845011
12 6.5919034945
12 9.9522292994
12 8.2680058795
13 7.621536284
12 3.3188502396
14 6.5327453862
12 9.0474811812
12 3.6941119744
12 8.4628747049
12 8.9825249061
12 8.3369460099
12 2.2966682999
13 15.923566879
12 5.3674944536
13 6.1175285185
12 4.281637471
13 11.024007839
13 7.6555609995
12 5.6533373535
12 11.903909922
13 5.3343949045
12 5.4630560832
12 6.4306712396
13 8.2333703073
12 3.3121019108
13 6.6905743189
12 4.0829658664
12 4.7782646299
12 13.525809704
12 4.5150366847
12 5.1518684968
10 6.9028270214
12 11.082335923
12 8.2325924
13 8.6329420435
12 5.824426814
12 4.6584903103
13 4.6809435445
12 3.9808917197
12 13.859400802
12 6.7254816632
12 6.6450269476
13 9.9105112511
13 9.7991180794
10 3.5840825773
12 5.0526702597
13 3.3116603561
12 3.9512572901
12 16.854050941
12 4.4293649177
13 10.110201193
12 6.6668718012
12 3.5102051236
9 7.9617834395
12 6.7368936796
8 3.3684468398
12 2.526731791
12 5.6617126681
12 6.4306712396
13 9.7991180794
12 3.9057805552
12 5.4140127389
12 7.1912882679
13 3.7309200747
14 4.753303546
13 7.9895248452
12 4.8410409621
12 7.891325179
12 12.065433935
13 8.3960625362
12 4.8995590397
13 10.411562959
10 5.3078556263
12 2.9091131798
12 6.8900048996
8 7.1063852187
13 2.1435570799
12 8.2566643076
12 5.9470638496
10 4.6044048807
13 13.167564919
12 4.8995590397
10 5.1995320421
12 5.8182263596
13 5.1122724748
12 6.2556869882
7 10.947452229
12 7.0041806203
12 7.8473430204
8 6.9695855033
12 6.6400396899
12 12.248897599
14 4.4657439164
13 4.8770495801
12 7.6555609995
13 7.8392944635
13 12.950775281
14 6.4143270409
12 4.7264965506
12 6.324781237
12 9.9700329296
12 1.2550594584
12 11.758941695
13 7.6555609995
12 9.1866731994
12 9.5066070919
12 4.2091449865
12 7.6402498775
12 4.1704579921
12 8.4211170995
10 21.873031427
12 6.3796341663
13 6.2752972922
12 3.7273753796
11 2.4454049136
12 6.3694267516
14 8.5742283195
12 9.5925101681
12 10.411562959
9 4.4134610562
12 9.7991180794
11 4.0059287746
12 3.7467216186
12 3.3544069014
12 5.5363394778
6 4.5036350769
12 6.050955414
8 1.8699983668
12 15.923566879
12 4.303666724
13 6.4773831372
11 6.9611221329
13 5.5479093984
12 12.926880861
12 9.5137068732
12 5.5120039196
12 5.4830072467
12 5.869263433
12 4.1618413434
11 4.6545810877
12 7.9617834395
13 18.702175865
12 4.2314373525
13 12.744686312
12 6.8025477707
11 10.432681748
12 6.4207930964
11 0.4246284501
12 3.1100716561
12 6.7368936796
12 4.4096031357
13 2.1826696033
12 6.2399189988
10 3.9667248453
9 3.0761436016
15 5.4354483097
13 4.8045244893
11 3.6746692798
12 4.6834020232
8 3.9808917197
12 5.5120039196
12 5.8182263596
11 3.3352773235
8 4.3169250935
11 6.9205039152
10 4.1433700058
12 4.9128972222
13 5.5732484076
12 15.923566879
12 8.3442271855
12 4.0041299741
12 4.8995590397
9 1.0484653089
9 3.8663336846
12 2.2781854253
11 0.1534801627
12 4.6954107464
12 4.8042520159
13 4.2747830548
12 6.4306712396
12 5.09216538
12 10.068145448
12 3.0622243998
5 4.303666724
10 3.6396724295
12 3.3523298693
11 3.2587764776
11 8.1188444178
9 4.4541445815
11 6.5089032498
11 6.4306712396
13 5.124826122
13 5.4867721081
13 13.780009799
13 11.072174449
13 6.1845448551
13 6.1244487996
13 4.8995590397
13 3.3289686855
12 5.1935965033
12 8.8532572609
13 7.0431161195
12 7.0431161195
10 6.4306712396
12 4.1315200551
12 3.9196472317
12 5.1295555665
12 8.1065431384
13 10.717785399
12 6.8648929375
14 3.9371456569
12 6.7368936796
7 6.1639613725
9 1.9359959731
12 5.2057814797
12 11.222323324
11 1.2962342161
12 6.1244487996
12 20.614742184
11 8.4335342623
11 8.9082891631
12 3.2801680001
12 6.5260519996
11 7.6555609995
11 7.621536284
12 8.1413725396
11 3.1980385364
12 6.8593826556
12 5.4861556861
12 7.2983014862
12 1.3673188018
12 4.9712599037
12 7.5659710644
12 6.8593826556
11 1.6331863466
12 4.4541445815
9 2.0486460312
11 6.4380998163
11 1.4361728865
12 12.384996461
11 7.3187163155
12 3.9374638101
12 7.2255911352
11 5.9184938842
12 7.0431161195
12 6.1069503745
12 8.9082891631
11 8.1659317328
12 8.605666168
12 5.3201708366
11 9.3805990451
12 5.9916897868
12 7.5161162878
12 4.4096031357
12 10.044974089
11 4.0734705969
12 8.5742283195
12 4.590577839
12 9.164642808
12 6.4050101413
11 6.3262929361
11 9.4580814873
12 6.2309609526
12 1.070491891
12 11.942675159
11 10.176007236
12 2.3945213352
11 11.795234725
11 1.7515923567
12 3.6746692798
11 5.118289354
12 6.6776248202
11 5.8115207588
12 4.7120759132
12 5.601254681
12 6.6144047036
11 6.3838192063
12 11.636452719
12 5.2057814797
12 7.5073888511
10 3.8191099776
11 4.3074221051
12 2.5376202198
11 3.3684468398
12 4.0829658664
12 3.5454214735
12 3.5385704176
12 5.2470206048
12 7.9617834395
13 8.8158155731
12 5.1886714008
11 8.2921747783
7 4.438624914
13 10.050838544
12 5.8182263596
12 5.6036012477
12 4.3695275868
12 18.939639628
12 9.3120274146
11 9.7991180794
12 6.7177547771
12 5.8593211459
12 3.3011713656
12 11.548960594
7 6.8900048996
12 28.30856334
12 9.1866731994
11 8.5304822566
12 6.9107704357
12 12.356393698
11 8.2680058795
10 4.3126326964
12 11.022862012
11 8.0239465948
12 4.2690527826
11 7.3984225896
12 4.9914982399
12 9.7494603864
10 4.4637203412
11 2.3189660503
12 11.163177425
12 9.2310532632
11 5.9883499374
12 8.5742283195
12 4.2871141597
12 7.3737874569
11 4.5933365997
11 3.7913254474
11 5.0045495905
12 7.8392944635
12 8.3598726115
12 5.397819281
12 9.7292669322
11 6.1392065076
11 5.766559199
11 3.5451354833
11 4.0087301234
12 5.116005423
12 5.4987856848
12 3.8512812917
11 5.5120039196
12 7.0836998164
12 7.6555609995
11 6.384750152
12 7.6555609995
12 6.0048467692
11 4.6001415428
12 4.7784754977
11 7.6740081344
12 9.5466817822
12 13.473787359
12 6.9715118674
11 6.2257554715
12 6.9213620774
12 3.2364973331
12 13.167564919
12 3.8277804998
12 4.0996895417
12 9.8896829415
8 4.8995590397
9 2.8886289123
12 11.636452719
10 2.2747952684
11 8.8119274465
11 6.8243858053
11 3.3736403724
12 3.9129584139
12 27.454425653
12 8.358071303
11 6.3137174797
12 7.1266313305
10 2.7874952961
12 8.1659317328
12 4.5116772824
11 4.7464478197
11 3.3684468398
12 4.5933365997
11 5.6651151396
11 0.5250970117
12 5.3674944536
12 1.7860773894
12 4.0167556091
12 8.6395404956
11 2.9936305732
10 7.6619673267
12 4.2389124794
8 5.8593211459
12 7.621536284
12 17.233469821
11 8.9046262152
12 7.5661684472
9 4.0846023257
11 7.9617834395
8 3.9662420382
8 3.4821467435
9 4.2652411283
12 1.9337918031
12 10.499055085
12 2.9488086813
11 2.5325752491
9 8.1178968403
11 6.4306712396
10 3.2996835316
12 4.5333998232
7 2.3094368207
8 2.5110240078
12 2.2419664736
10 3.6491507431
9 5.1445369917
12 4.3203476028
12 4.8348046337
11 2.8266686767
10 2.5905504326
13 8.7961214279
12 3.3790062343
12 6.1244487996
9 1.9617459539
12 3.843502877
12 4.0829658664
11 2.6539278132
12 3.6087403692
12 5.6344928956
10 5.5120039196
12 4.8995590397
7 1.9324717086
11 5.2057814797
10 6.4313583505
12 7.8937340084
9 4.3342253043
11 7.0147871714
11 5.2684319856
11 7.3493385595
10 5.0685093514
11 8.6596857446
11 9.4054035137
8 2.6152928058
11 11.263354114
11 6.1244487996
11 7.9216736992
11 5.9316169305
11 8.5742283195
10 3.9398515989
11 4.9261870779
11 2.0679956986
7 3.8663336846
11 7.9617834395
11 4.7180938901
11 1.6703042181
10 4.4437861058
11 8.3243993189
10 11.200781702
11 4.9761146497
10 3.2447410859
10 2.9652824728
10 4.1467622081
10 3.9664307742
11 5.4626301472
10 7.0890753053
11 14.623683868
11 6.3893045881
10 3.7031550881
10 7.3891261619
8 9.4928956394
11 11.651390399
8 6.7368936796
11 11.268985791
10 4.5512038668
11 4.2871141597
11 4.6044048807
10 3.9808917197
10 10.846944567
11 4.5964935321
11 3.3700670643
11 10.795638562
11 3.1222680155
11 6.7270210273
11 4.7668133378
10 4.1340029397
11 7.0186520679
11 8.5742283195
11 4.3649249339
11 5.7382222987
10 7.6555609995
11 4.4402253797
11 2.1362886422
10 7.2106717943
10 5.0729947579
11 9.4783136184
9 5.5120039196
9 3.7913254474
11 10.593641167
11 8.062918665
10 5.1819065098
11 8.2232974032
11 4.4232130219
11 10.166585007
11 5.2877119617
11 7.3588926997
10 8.5304822566
11 24.880573248
10 3.8299033167
11 15.311121999
11 9.9714050784
11 13.381920627
11 7.6555609995
11 4.7775478185
10 5.3189367445
10 2.6305451893
11 4.1596256337
11 6.1244487996
11 4.1010393572
11 5.4207887248
11 6.1244487996
11 7.4235743026
8 10.070239923
8 3.8996490316
12 6.1433514194
10 5.2018911764
9 5.5120039196
10 8.1659317328
11 4.5933365997
11 7.9795950356
11 7.4703153259
11 7.0431161195
10 6.1132523667
10 6.8243858053
9 3.2663726931
10 7.7424150141
11 10.564674179
10 4.5166060055
10 1.5923566879
11 8.6752048946
11 5.4765164593
10 4.8995590397
11 5.8976173626
11 7.8392944635
9 5.9319457524
11 6.1426222382
11 5.8197807883
9 2.8155619236
10 4.2564919157
11 5.5120039196
11 5.5608358277
11 10.441683199
10 7.6555609995
11 3.0819806863
11 4.5933365997
11 3.7349518125
11 7.3493385595
10 3.1453959267
11 8.3292503675
11 5.5386319579
11 6.4106379959
11 10.411562959
11 1.6147842469
11 5.0270249136
10 6.5357923757
11 5.0674753838
11 3.060385226
11 7.0251030348
11 8.8804507594
11 2.0061186619
11 12.248897599
11 4.7315741583
11 11.231422505
11 5.0955414013
11 1.7296474546
11 4.8995590397
10 6.1244487996
10 3.6746692798
10 3.2449772388
10 2.5275502983
11 7.4504762461
11 3.6746692798
11 3.3036445807
9 2.8478686918
8 4.7770700637
10 4.5951776164
11 4.7629784116
11 6.7368936796
9 0.3538570418
11 1.9730210813
11 4.8621578256
11 5.9806823959
9 1.3269639066
5 4.8862930856
7 3.2663726931
10 2.3371184265
10 4.2356952629
10 7.0458260526
10 0.3990868892
9 5.4662019527
11 1.42620393
9 2.8697417232
11 22.11606511
11 2.9973772949
11 4.8580373529
9 3.3406084361
11 7.6555609995
11 4.5933365997
10 4.0829658664
10 4.2871141597
9 2.9875359998
11 4.6545810877
8 5.5120039196
6 6.4306712396
10 7.7090963911
10 3.3273124822
12 4.4096031357
12 6.4500524067
10 3.5168613966
11 6.6438464983
9 3.814027995
10 4.0280959694
8 2.1254093538
8 1.0669056535
10 10.698497243
10 5.552042689
11 3.6746692798
10 4.6960219688
10 6.1396837469
10 2.7560019598
11 3.4286769263
8 3.6293029924
10 6.8900048996
9 2.9869834832
11 7.279344859
11 10.411562959
10 8.5687355403
10 6.3666586391
10 5.5120039196
9 3.4020677011
11 4.2255275238
9 3.9808917197
10 6.572354453
11 5.8657976596
8 5.002167606
10 6.1146496815
10 8.9082891631
10 5.6533373535
10 9.1866731994
10 1.4421343589
10 4.7662377053
10 3.5605491158
10 4.2274956316
10 7.0458260526
10 2.1231422505
10 7.5467141607
10 4.2871141597
10 4.5919123093
9 6.9358549019
10 3.6746692798
11 5.6200824279
10 5.814414462
9 7.7205172747
10 10.474168436
10 8.1774150743
11 3.6559209671
10 4.5933365997
10 5.3078556263
10 4.5933365997
9 8.8875722115
10 5.0955414013
9 7.6331345891
8 2.5332947307
11 3.8996490316
11 6.5841265297
8 1.516530179
8 4.2819675641
9 3.5934706638
8 4.342790967
10 5.790387956
8 2.0769869842
10 6.1244487996
10 2.8562451801
8 5.5120039196
9 4.2871141597
9 7.1451902662
9 4.5387839085
8 2.9091131798
7 4.1539739684
